{
  "nbformat": 4,
  "nbformat_minor": 0,
  "metadata": {
    "colab": {
      "name": "apriltag_python.ipynb",
      "provenance": [],
      "include_colab_link": true
    },
    "kernelspec": {
      "name": "python3",
      "display_name": "Python 3"
    }
  },
  "cells": [
    {
      "cell_type": "markdown",
      "metadata": {
        "id": "view-in-github",
        "colab_type": "text"
      },
      "source": [
        "<a href=\"https://colab.research.google.com/github/Neumi/apriltag/blob/master/apriltag_python.ipynb\" target=\"_parent\"><img src=\"https://colab.research.google.com/assets/colab-badge.svg\" alt=\"Open In Colab\"/></a>"
      ]
    },
    {
      "cell_type": "code",
      "metadata": {
        "id": "TSTg_q2U8Iv_",
        "colab_type": "code",
        "colab": {
          "base_uri": "https://localhost:8080/",
          "height": 103
        },
        "outputId": "92d5b6c8-8591-432a-eb4f-3bbbcc1dfff9"
      },
      "source": [
        "!git clone https://github.com/swatbotics/apriltag"
      ],
      "execution_count": 1,
      "outputs": [
        {
          "output_type": "stream",
          "text": [
            "Cloning into 'apriltag'...\n",
            "remote: Enumerating objects: 964, done.\u001b[K\n",
            "remote: Total 964 (delta 0), reused 0 (delta 0), pack-reused 964\u001b[K\n",
            "Receiving objects: 100% (964/964), 12.39 MiB | 43.15 MiB/s, done.\n",
            "Resolving deltas: 100% (566/566), done.\n"
          ],
          "name": "stdout"
        }
      ]
    },
    {
      "cell_type": "code",
      "metadata": {
        "id": "A8GONB_L8XUW",
        "colab_type": "code",
        "colab": {}
      },
      "source": [
        "!cd apriltag && mkdir build \n",
        "!cd apriltag/build && cmake .. -DCMAKE_BUILD_TYPE=Release\n",
        "!cd apriltag/build && make -j4\n",
        "!cd apriltag/build && sudo make install\n"
      ],
      "execution_count": 0,
      "outputs": []
    },
    {
      "cell_type": "markdown",
      "metadata": {
        "id": "2h63bc1P_yvK",
        "colab_type": "text"
      },
      "source": [
        ""
      ]
    },
    {
      "cell_type": "code",
      "metadata": {
        "id": "g-8qbg0q-_pC",
        "colab_type": "code",
        "colab": {
          "base_uri": "https://localhost:8080/",
          "height": 1000
        },
        "outputId": "9d631526-60a9-4238-de39-f7afb8f63297"
      },
      "source": [
        "\n",
        "! curl -o 'image.jpg' http://wiki.lofarolabs.com/images/0/00/PrettyTags.jpg\n",
        "!cd apriltag/python && python apriltag.py -c -k '(765.00, 764.18, 393.72, 304.66)' -s .127 ../../image.jpg"
      ],
      "execution_count": 31,
      "outputs": [
        {
          "output_type": "stream",
          "text": [
            "  % Total    % Received % Xferd  Average Speed   Time    Time     Time  Current\n",
            "                                 Dload  Upload   Total   Spent    Left  Speed\n",
            "\r  0     0    0     0    0     0      0      0 --:--:-- --:--:-- --:--:--     0\r100 44364  100 44364    0     0   528k      0 --:--:-- --:--:-- --:--:--  528k\n",
            "Detected 15 tags in image.jpg\n",
            "\n",
            "Detection 1 of 15:\n",
            "\n",
            "           Family: b'tag36h11'\n",
            "               ID: 2\n",
            "    Hamming error: 0\n",
            "         Goodness: 0.0\n",
            "  Decision margin: 98.4666748046875\n",
            "       Homography: [[ 1.41071015e-01 -1.08637452e+00 -1.67515688e+01]\n",
            "                    [ 8.75860083e-01 -1.50580625e-01 -1.70539350e+00]\n",
            "                    [ 4.88132236e-04 -2.12966704e-03 -6.02061482e-02]]\n",
            "           Center: [278.23684642  28.32590277]\n",
            "          Corners: [[269.89447021  41.50412369]\n",
            "                    [269.57055664  11.78975964]\n",
            "                    [286.13638306  15.84722328]\n",
            "                    [286.1809082   43.48396301]]\n",
            "             Pose: [[ 0.02979393  0.47472148 -0.87963165 -0.54069486]\n",
            "                    [-0.9699454  -0.19888155 -0.14018575 -1.29373075]\n",
            "                    [-0.24149169  0.85737136  0.45452846  3.57660867]\n",
            "                    [ 0.          0.          0.          1.        ]]\n",
            "        InitError: 52.34170165038312\n",
            "       FinalError: 0.08797271540473375\n",
            "\n",
            "Detection 2 of 15:\n",
            "\n",
            "           Family: b'tag36h11'\n",
            "               ID: 4\n",
            "    Hamming error: 0\n",
            "         Goodness: 0.0\n",
            "  Decision margin: 96.80555725097656\n",
            "       Homography: [[ 2.02349997e-01  9.42200368e-01  1.29634802e+01]\n",
            "                    [-8.24645300e-01  1.25824877e-01  1.18259106e+00]\n",
            "                    [ 9.67526878e-04  1.70860648e-03  5.24750632e-02]]\n",
            "           Center: [247.0407729   22.53624848]\n",
            "          Corners: [[237.33300781  37.780159  ]\n",
            "                    [236.27853394   4.48681641]\n",
            "                    [255.806427     8.77171612]\n",
            "                    [257.50326538  40.08297348]]\n",
            "             Pose: [[ 2.97483956e-04  4.86285392e-01 -8.73799994e-01 -6.10339720e-01]\n",
            "                    [-9.72021764e-01 -2.05106824e-01 -1.14476555e-01 -1.17262971e+00]\n",
            "                    [-2.34890619e-01  8.49386666e-01  4.72618969e-01  3.18018990e+00]\n",
            "                    [ 0.00000000e+00  0.00000000e+00  0.00000000e+00  1.00000000e+00]]\n",
            "        InitError: 184.5772663472419\n",
            "       FinalError: 0.09363022005027763\n",
            "\n",
            "Detection 3 of 15:\n",
            "\n",
            "           Family: b'tag36h11'\n",
            "               ID: 8\n",
            "    Hamming error: 0\n",
            "         Goodness: 0.0\n",
            "  Decision margin: 86.60626220703125\n",
            "       Homography: [[ 1.98189628e-02 -9.97964177e-01 -1.84140737e+01]\n",
            "                    [ 8.05326159e-01 -1.14188189e-01 -1.24348052e+01]\n",
            "                    [-1.04367987e-04 -1.75054177e-03 -6.71647682e-02]]\n",
            "           Center: [274.16269212 185.1388093 ]\n",
            "          Corners: [[266.97238159 200.97950745]\n",
            "                    [265.5168457  175.756073  ]\n",
            "                    [280.96652222 170.14955139]\n",
            "                    [282.39486694 194.07261658]]\n",
            "             Pose: [[ 0.01039758  0.48440362 -0.87478284 -0.59919416]\n",
            "                    [-0.90330763 -0.37065625 -0.2159844  -0.59844987]\n",
            "                    [-0.42886735  0.79244374  0.43371156  3.83100767]\n",
            "                    [ 0.          0.          0.          1.        ]]\n",
            "        InitError: 31.179647322689807\n",
            "       FinalError: 0.037896020532787685\n",
            "\n",
            "Detection 4 of 15:\n",
            "\n",
            "           Family: b'tag36h11'\n",
            "               ID: 10\n",
            "    Hamming error: 1\n",
            "         Goodness: 0.0\n",
            "  Decision margin: 84.44537353515625\n",
            "       Homography: [[-3.48308178e-01  1.07603463e+00  2.20507572e+01]\n",
            "                    [-1.01936246e+00  1.87598672e-01  9.74722348e+00]\n",
            "                    [-1.14875818e-03  1.98966836e-03  7.40988822e-02]]\n",
            "           Center: [297.58555827 131.54346181]\n",
            "          Corners: [[291.06771851 144.40731812]\n",
            "                    [290.67477417 120.35241699]\n",
            "                    [303.9571228  118.96829987]\n",
            "                    [303.9347229  141.82504272]]\n",
            "             Pose: [[ 0.03333776  0.46067684 -0.88694162 -0.52989903]\n",
            "                    [-0.94388063 -0.2772611  -0.17948716 -0.95492984]\n",
            "                    [-0.32859999  0.84315072  0.42558068  4.21263238]\n",
            "                    [ 0.          0.          0.          1.        ]]\n",
            "        InitError: 51.86296263937565\n",
            "       FinalError: 0.02909107007004327\n",
            "\n",
            "Detection 5 of 15:\n",
            "\n",
            "           Family: b'tag36h11'\n",
            "               ID: 11\n",
            "    Hamming error: 1\n",
            "         Goodness: 0.0\n",
            "  Decision margin: 95.77432250976562\n",
            "       Homography: [[-4.46373908e-02  9.40235784e-01  1.81351915e+01]\n",
            "                    [-8.63271120e-01  1.34785448e-01  8.96707294e+00]\n",
            "                    [-7.49619270e-05  1.56875029e-03  6.62228455e-02]]\n",
            "           Center: [273.85098573 135.40754505]\n",
            "          Corners: [[266.33468628 149.7868042 ]\n",
            "                    [265.57058716 123.39924622]\n",
            "                    [281.03567505 121.66268158]\n",
            "                    [281.73028564 146.83416748]]\n",
            "             Pose: [[ 0.0226385   0.47707136 -0.87857294 -0.60030692]\n",
            "                    [-0.94478686 -0.27714593 -0.17483687 -0.84766742]\n",
            "                    [-0.32690258  0.83402221  0.44445658  3.82875814]\n",
            "                    [ 0.          0.          0.          1.        ]]\n",
            "        InitError: 15.064871433792634\n",
            "       FinalError: 0.018320172300475262\n",
            "\n",
            "Detection 6 of 15:\n",
            "\n",
            "           Family: b'tag36h11'\n",
            "               ID: 12\n",
            "    Hamming error: 1\n",
            "         Goodness: 0.0\n",
            "  Decision margin: 81.28287506103516\n",
            "       Homography: [[-3.05509584e-01 -8.45775542e-01 -1.44111343e+01]\n",
            "                    [ 6.46889458e-01 -8.40906361e-02 -8.27188969e+00]\n",
            "                    [-1.30889568e-03 -1.23047264e-03 -5.87474581e-02]]\n",
            "           Center: [245.30651551 140.80421444]\n",
            "          Corners: [[235.90641785 157.17823792]\n",
            "                    [235.79533386 128.19033813]\n",
            "                    [253.92764282 125.78707886]\n",
            "                    [254.84312439 153.45181274]]\n",
            "             Pose: [[ 0.0509671   0.50053904 -0.86421237 -0.67109388]\n",
            "                    [-0.93339307 -0.28390935 -0.21948315 -0.73958976]\n",
            "                    [-0.35521786  0.81783626  0.45272964  3.45805583]\n",
            "                    [ 0.          0.          0.          1.        ]]\n",
            "        InitError: 145.72305955841568\n",
            "       FinalError: 0.08685404035368724\n",
            "\n",
            "Detection 7 of 15:\n",
            "\n",
            "           Family: b'tag36h11'\n",
            "               ID: 13\n",
            "    Hamming error: 0\n",
            "         Goodness: 0.0\n",
            "  Decision margin: 90.77777862548828\n",
            "       Homography: [[ 4.53397847e-01 -7.55403579e-01 -1.76695675e+01]\n",
            "                    [ 1.00135652e+00 -8.46256674e-02 -5.39781870e+00]\n",
            "                    [ 1.63221209e-03 -9.40981109e-04 -6.43347758e-02]]\n",
            "           Center: [274.65033119  83.90203629]\n",
            "          Corners: [[267.08639526  97.10806274]\n",
            "                    [266.52111816  69.81421661]\n",
            "                    [282.37857056  70.40914917]\n",
            "                    [282.15426636  96.90625763]]\n",
            "             Pose: [[ 0.03843288  0.46469355 -0.88463711 -0.58431501]\n",
            "                    [-0.95644164 -0.23927044 -0.16723946 -1.08581896]\n",
            "                    [-0.28938261  0.85253127  0.43525642  3.75400823]\n",
            "                    [ 0.          0.          0.          1.        ]]\n",
            "        InitError: 63.453171189684795\n",
            "       FinalError: 0.025086911552602485\n",
            "\n",
            "Detection 8 of 15:\n",
            "\n",
            "           Family: b'tag36h11'\n",
            "               ID: 14\n",
            "    Hamming error: 0\n",
            "         Goodness: 0.0\n",
            "  Decision margin: 89.13888549804688\n",
            "       Homography: [[-2.14901374e-01 -8.87537999e-01 -1.37846465e+01]\n",
            "                    [ 7.46070416e-01 -1.19998491e-01 -4.65588643e+00]\n",
            "                    [-1.07511432e-03 -1.40332783e-03 -5.63476056e-02]]\n",
            "           Center: [244.63588784  82.6279375 ]\n",
            "          Corners: [[235.42610168  98.05161285]\n",
            "                    [234.0619812   67.65188599]\n",
            "                    [253.06962585  68.50391388]\n",
            "                    [255.08732605  97.43053436]]\n",
            "             Pose: [[-0.00634705  0.51700234 -0.85596045 -0.66415523]\n",
            "                    [-0.96274561 -0.23456408 -0.13453844 -0.98812124]\n",
            "                    [-0.27033426  0.82321824  0.49923053  3.40635377]\n",
            "                    [ 0.          0.          0.          1.        ]]\n",
            "        InitError: 131.6770745755386\n",
            "       FinalError: 0.07038019288865191\n",
            "\n",
            "Detection 9 of 15:\n",
            "\n",
            "           Family: b'tag36h11'\n",
            "               ID: 16\n",
            "    Hamming error: 0\n",
            "         Goodness: 0.0\n",
            "  Decision margin: 101.42037200927734\n",
            "       Homography: [[ 5.19624223e-02  3.21615171e-01  1.19083042e+01]\n",
            "                    [-7.65161438e-01 -1.03177156e-01  1.16383239e+01]\n",
            "                    [ 2.85846516e-04 -1.11527012e-03  5.77255903e-02]]\n",
            "           Center: [206.29159669 201.61463576]\n",
            "          Corners: [[196.98956299 213.58824158]\n",
            "                    [196.84254456 185.64097595]\n",
            "                    [215.86483765 189.29193115]\n",
            "                    [216.21075439 218.38301086]]\n",
            "             Pose: [[ 0.06259351  0.80125587  0.59503873 -0.82807277]\n",
            "                    [-0.95471202  0.2218318  -0.19828165 -0.45522006]\n",
            "                    [-0.29087285 -0.55567948  0.77885384  3.38138428]\n",
            "                    [ 0.          0.          0.          1.        ]]\n",
            "        InitError: 26.866775959891637\n",
            "       FinalError: 0.032262180037385915\n",
            "\n",
            "Detection 10 of 15:\n",
            "\n",
            "           Family: b'tag36h11'\n",
            "               ID: 26\n",
            "    Hamming error: 1\n",
            "         Goodness: 0.0\n",
            "  Decision margin: 88.64351654052734\n",
            "       Homography: [[ 1.28019122e-01  2.16612322e-01  1.12877858e+01]\n",
            "                    [-7.96812087e-01 -4.71019830e-02  3.99635983e+00]\n",
            "                    [ 4.58045729e-04 -1.62746254e-03  5.53219506e-02]]\n",
            "           Center: [204.03810187  72.23823074]\n",
            "          Corners: [[193.71374512  85.68165588]\n",
            "                    [195.08253479  56.55449295]\n",
            "                    [214.80836487  58.21418762]\n",
            "                    [213.69532776  89.15077209]]\n",
            "             Pose: [[ 0.11157541  0.81478631  0.56892372 -0.83090684]\n",
            "                    [-0.95427701  0.2476098  -0.16746573 -1.01921646]\n",
            "                    [-0.27731987 -0.52422577  0.80515901  3.35437927]\n",
            "                    [ 0.          0.          0.          1.        ]]\n",
            "        InitError: 91.71035159942384\n",
            "       FinalError: 0.11116854640377571\n",
            "\n",
            "Detection 11 of 15:\n",
            "\n",
            "           Family: b'tag36h11'\n",
            "               ID: 37\n",
            "    Hamming error: 0\n",
            "         Goodness: 0.0\n",
            "  Decision margin: 88.00924682617188\n",
            "       Homography: [[-7.58245828e-03 -2.31530288e-01 -1.18389932e+01]\n",
            "                    [ 8.22285339e-01  1.61646032e-01 -9.16867198e+00]\n",
            "                    [-3.80508082e-05  1.55090810e-03 -5.76360432e-02]]\n",
            "           Center: [205.40954121 159.07878942]\n",
            "          Corners: [[196.11320496 171.64483643]\n",
            "                    [196.11726379 143.65609741]\n",
            "                    [215.20706177 145.83528137]\n",
            "                    [215.22869873 175.3759613 ]]\n",
            "             Pose: [[ 0.0655335   0.8067013   0.58731454 -0.83958712]\n",
            "                    [-0.96122291  0.20903935 -0.17986957 -0.64985014]\n",
            "                    [-0.26787286 -0.55275271  0.78911885  3.41365352]\n",
            "                    [ 0.          0.          0.          1.        ]]\n",
            "        InitError: 37.25643326317374\n",
            "       FinalError: 0.06420269334664515\n",
            "\n",
            "Detection 12 of 15:\n",
            "\n",
            "           Family: b'tag36h11'\n",
            "               ID: 44\n",
            "    Hamming error: 2\n",
            "         Goodness: 0.0\n",
            "  Decision margin: 92.50601959228516\n",
            "       Homography: [[-3.16936891e-02  3.81905885e-01  1.07759729e+01]\n",
            "                    [-8.45626312e-01 -9.79023522e-02  1.52199483e+00]\n",
            "                    [-1.47480863e-04 -7.33898352e-04  5.26110209e-02]]\n",
            "           Center: [204.82348947  28.92920167]\n",
            "          Corners: [[194.90171814  46.09109879]\n",
            "                    [194.79083252  14.55466461]\n",
            "                    [215.08335876  11.1824894 ]\n",
            "                    [215.08232117  43.62779617]]\n",
            "             Pose: [[ 0.0348133   0.80268573  0.5953853  -0.78041687]\n",
            "                    [-0.98831545  0.11610962 -0.09874784 -1.14052676]\n",
            "                    [-0.14839344 -0.58499075  0.79734886  3.16093322]\n",
            "                    [ 0.          0.          0.          1.        ]]\n",
            "        InitError: 0.7757570853033435\n",
            "       FinalError: 0.0012219975255233601\n",
            "\n",
            "Detection 13 of 15:\n",
            "\n",
            "           Family: b'tag36h11'\n",
            "               ID: 45\n",
            "    Hamming error: 0\n",
            "         Goodness: 0.0\n",
            "  Decision margin: 85.665283203125\n",
            "       Homography: [[-1.07272901e-01 -3.54044576e-01 -1.15255637e+01]\n",
            "                    [ 7.58448831e-01  6.39737317e-02 -6.39017062e+00]\n",
            "                    [-5.37627855e-04  1.03331080e-03 -5.59772518e-02]]\n",
            "           Center: [205.89727641 114.15656198]\n",
            "          Corners: [[195.92121887 127.71769714]\n",
            "                    [195.98864746  98.97262573]\n",
            "                    [216.05158997 100.35311127]\n",
            "                    [216.37811279 130.21734619]]\n",
            "             Pose: [[ 0.06104457  0.83559766  0.54593966 -0.83550066]\n",
            "                    [-0.96169193  0.19568587 -0.19197833 -0.84775473]\n",
            "                    [-0.26724932 -0.51330653  0.81553308  3.40463514]\n",
            "                    [ 0.          0.          0.          1.        ]]\n",
            "        InitError: 46.71614562796502\n",
            "       FinalError: 0.04287722572946631\n",
            "\n",
            "Detection 14 of 15:\n",
            "\n",
            "           Family: b'tag36h11'\n",
            "               ID: 48\n",
            "    Hamming error: 0\n",
            "         Goodness: 0.0\n",
            "  Decision margin: 43.965274810791016\n",
            "       Homography: [[-3.67738221e-01 -6.56528415e-01 -1.42587386e+01]\n",
            "                    [ 3.68000053e-01  1.98228932e-01 -1.44813562e+01]\n",
            "                    [-1.64795521e-03 -4.87751965e-04 -5.84337323e-02]]\n",
            "           Center: [244.01553794 247.82528265]\n",
            "          Corners: [[235.07879639 267.28442383]\n",
            "                    [234.41896057 240.15170288]\n",
            "                    [252.322052   229.73841858]\n",
            "                    [254.00091553 255.80975342]]\n",
            "             Pose: [[-0.11148098  0.73656326  0.6671181  -0.64091401]\n",
            "                    [-0.92294061 -0.3256293   0.20529537 -0.24163941]\n",
            "                    [ 0.36844622 -0.59282386  0.71610562  3.27138532]\n",
            "                    [ 0.          0.          0.          1.        ]]\n",
            "        InitError: 101.42543518308878\n",
            "       FinalError: 0.17714269401182936\n",
            "\n",
            "Detection 15 of 15:\n",
            "\n",
            "           Family: b'tag36h11'\n",
            "               ID: 50\n",
            "    Hamming error: 0\n",
            "         Goodness: 0.0\n",
            "  Decision margin: 102.01435089111328\n",
            "       Homography: [[-3.55154962e-01 -8.42447654e-01 -1.43359322e+01]\n",
            "                    [ 4.97846436e-01 -2.58135969e-02 -1.13774962e+01]\n",
            "                    [-1.57342902e-03 -1.18538404e-03 -5.83856030e-02]]\n",
            "           Center: [245.53882139 194.86818041]\n",
            "          Corners: [[236.18708801 213.01838684]\n",
            "                    [235.62667847 184.67181396]\n",
            "                    [254.04666138 178.35583496]\n",
            "                    [255.58360291 205.20098877]]\n",
            "             Pose: [[ 0.0491351   0.50372824 -0.86246368 -0.65373905]\n",
            "                    [-0.89686233 -0.35778082 -0.26005932 -0.48255098]\n",
            "                    [-0.43957219  0.78628923  0.43419528  3.37422443]\n",
            "                    [ 0.          0.          0.          1.        ]]\n",
            "        InitError: 190.0595888967044\n",
            "       FinalError: 0.14915469581144794\n",
            "\n",
            ": cannot connect to X server \n"
          ],
          "name": "stdout"
        }
      ]
    },
    {
      "cell_type": "code",
      "metadata": {
        "id": "l4ocvVRR_0uw",
        "colab_type": "code",
        "colab": {}
      },
      "source": [
        ""
      ],
      "execution_count": 0,
      "outputs": []
    }
  ]
}